$ANSIBLE_VAULT;1.1;AES256
32613531366666313638326530303861343038326330343463383336616438646463663863376432
6361623036386334633134393466663462626638383261310a313830643866643837383965303039
35353765333561306331346136333366306437643633346363336236613638653264313930333138
3162316363396566330a656139383466626664666634383539346630383938663734373961343730
66626266343534396666383839633462646463343336383062346438326661656234353230363564
64393566393763376463633838313639633035653337623364326166316665333763356638616238
37306464386130393338363333643033616665666639613938636636313263373633656631646166
34636365393038373531623165646662653964373865663161336336623139636131653562376365
30613064613062343162653465353536383234323265653861663737376339303332313033653934
35356566633966373133633135306138613962636135626232666432343766636263663664616661
30643164623438636531373165303265363062663466643338323065306639626537373638333865
31636164366233653565653238333633636634633937316164666237396138646636346634313137
65396333323765316266316331643332633438326365373234313466376161326461303830376237
33303965376662356665663230386635616236383332666666616333383234346236313131336339
34336436646236646233353731653730633234323536393032373863363065366138653764316262
62313936396363356130613233333566393837333564313239663765386335373337313762356262
36643339323035643438343137373439326535343334353937333861356430303034316262656438
37623231643138393536336364333032613836646539636535656562633532626464326262386132
39633164343136386364363030646536363838656462633335613261323730396464663531333866
63643562623135666330383638353834306136623231323933663639353231316331616363346533
31313235316432353962366138353534653537383133343937343536353734353431636133643233
36343236343932323261373333333332373666636239623063386231653233663761663937393436
37653739643338633736623133356435373730336363633938623939316233636666363165343430
39386535326333316465356364383735306639636161373532366361616433373838346230623261
36626532383563356331643861386538393761653835323737653232393833343636376264343433
39363161613565336566653336656165623032633938346637323238343134636237326464356664
62623866373030663836363939633266666265623838623862383966643838393964366330393334
37373136393838313563616538623238306230393864393166336330636232343738346565393062
66333462633134656262646534656236373031396530646235623432303161306133623237393365
33643030623739346134666237623166373832313735643038306563343534376433303035613962
62653430373062306634353430313966623462313031653136383632393466333138346232346137
65616236366463636362373230323165353337656239333338316632663331333932353030376530
37643462653463303963373763653330303361376231646638653165656534613062663335333663
63663637616466396336303461616631613431663234623762336262613236386531383838616536
65643930343466653433656230666639636433636334343437393737396133346361333738396432
39656662383539636232333963303431343436356363616131376436356434376334316462326631
63653864346234656665326539653364663630623833336333636438383964326666316333653737
62303364336265356332666333653635313031343865333332353637656163623431653739353330
33326164656464393030343031303964336231386230386366316564623433303630333430383561
35306239316530616637353066613865313833373061333165383465313865343561376135356233
62663261346133353937653165616136663133653937323438303836313866656633383634393462
3631626638313764626261333161326633643061343835323761
